0
0
0.24229218908241482
0
1.56151018873626
0.9426831892554922
1.451314688649721
2.8234651896016474
1.4093608652873644
2.0324876891689536
0
2.3166238110793627
0.9895875212220557
2.679079570624175
2.231119777314698
1.733660689688186
2.3713464332493888
2.3328786893420306
2.803856189774725
0
1.5917056888227985
2.739470570797252
0
0.9161182137782959
2.302683189255492
1.7011509331628503
0.8743095546405663
1.3108562983864118
0.48217919020227284
1.9335681581652278
0.24229218908241482
2.316623811079363
1.5394705707972522
0
0.7219280948873623
0.24229218908241482
0.9709505944546686
0
0.8663137138648348
0.6395563653739031
0
0
0
0
0
0
0
0
0.24229218908241482
0.8663137138648347
1.3882590357355857
0
1.0154312795575997
0.9895875212220557
0
1.712935039619369
0
0
2.2186885704510972
0
1.1639904575514164
2.302683189255492
0
2.448102070191481
1.0783220795483648
2.968884070537636
1.1585488318903812
1.967351814444994
0.996118213778296
2.302683189255492
2.2573206585968415
1.0783220795483648
2.328884070537636
3.102683189255492
1.2977968115985956
1.4839904575514165
2.8676013115120567
2.977796811598595
2.2396275363413567
0
0.24229218908241482
2.2724876891689534
2.276929658423764
0
1.290564432903234
1.624381457724494
0.9510456605801272
0.8554508105601307
0
0.24229218908241482
0
0
0.24229218908241482
0
0
0
0
0.24229218908241482
0.24229218908241482
0
0
0
2.7690255736436504
1.573660689688186
0
0.24229218908241482
1.6456780552463373
0.9988455359952018
0.9510456605801272
0
0.24229218908241482
1.106313713864835
0.24229218908241482
0.6395563653739031
0
0.9510456605801272
2.2774058114255182
0.9543095546405661
2.807210311338979
0
0.24229218908241482
3.073411192621123
2.1648894517332407
1.1585488318903812
1.1238561897747248
2.081706277574314
0.4021791902022729
0.24229218908241482
1.1238561897747248
1.6451407133456022
0.6395563653739031
0
0
0
2.3871251585103024
0.24229218908241482
0.24229218908241482
0.8743095546405661
1.3541859576379551
0.7195563653739032
0
0
0.24229218908241482
0.9988455359952018
0
0
0
0
0
0
0
0
0
0.24229218908241482
0
0
0
0
0
0
0.24229218908241482
2.0139119513005475
0
2.3876013115120567
0.9988455359952018
0.24229218908241482
0
0.24229218908241482
0
0
0.48217919020227284
0
0
0
0
0
0
1.8915107774877753
0
0
1.99829757027802
1.70115093316285
0.5293608652873644
0
1.197477624140946
0.24229218908241482
0
2.049432036254818
1.9826831892554924
0
0
1.5996275363413568
1.712935039619369
0.48217919020227284
1.5136624542334844
1.1829661954675215
0
0
0.7219280948873623
1.1974776241409462
0.24229218908241482
0
0
0.9988455359952018
0
1.5143029514736246
0
0.9988455359952018
1.197477624140946
0.6343095546405662
0.48217919020227284
0
1.7103377769685428
1.0154312795575997
1.4292750707107134
0
0.24229218908241482
0.4021791902022729
1.5195563653739033
2.3871251585103024
0
1.3713146886497212
1.0211191885631825
0.5293608652873644
0
2.561706277574314
0.48217919020227284
2.722292189082415
0.24229218908241482
1.4009242772281592
2.4506993328423072
1.6027395395328303
0.24229218908241482
2.59508495181978
2.60307418942857
0.24229218908241482
1.2022921890824148
2.2030741894285697
2.7550849518197795
0
0.24229218908241482
0.6343095546405662
2.1773206585968414
0.24229218908241482
0.7950402793845223
2.452096688995876
1.7924876891689534
2.3373206585968416
0
0
0
0
0
0
0
0
0
0
0
0
0
0
0
0
0
0
0
0
0
0
0
0
0
0
0
0
0
0
0
0
0
0
0
0
0
0
0
0
0
0
0
0
0
0
0
0
0
0
0
0
0
0
0
0
0
0
0
0
0
0
0
0
0
0
0
0
0
0
0
0
0
0
0
0
0
0
0
0
0
0
0
0
0
0
0
0
0
0
0
0
0
0
0
0
0
0
0
0
0
0
0
0
0
